{
    "name": "Beta2 helmet",
    "description": "FieldLine Medical Beta2 adult helmet positions",
    "version": 3,
    "location": {
        "R1-01": [9,0.013768,0.130534,0.004767,-0.9918616865,0.1229022071,-0.003389700057,-0.01867572156,-0.1233729485,0.9915110357,0.1216,0.9848,0.125,0],
        "R1-02": [8,0.013939,0.123063,0.033397,-0.01929711375,-0.3744477646,0.9267110357,0.9892473118,-0.1392190153,-0.03565365025,0.142,0.9168,0.3734,0],
        "R1-03": [7,0.013984,0.110811,0.056216,-0.9862573854,0.1404943973,0.08593073005,-0.01018675722,-0.5727221279,0.8194680249,0.1644,0.8074,0.5668,0],
        "R1-04": [6,0.013428,0.091852,0.078529,-0.00661663837,-0.7275368421,0.6859426146,0.9835880023,-0.1284663271,-0.1267685342,0.1806,0.6738,0.7164,0],
        "R1-05": [5,0.013389,0.071787,0.094198,-0.9826728919,0.0917909451,0.1597226938,0.004527447651,-0.8545557442,0.518958687,0.1842,0.511,0.8396,0],
        "R1-06": [4,0.013465,0.044718,0.106574,0.001193435201,-0.9551737408,0.2942089417,0.9841539332,-0.05036785512,-0.1675155631,0.1748,0.29,0.9408,0],
        "R1-07": [3,0.013593,0.020228,0.111475,-0.9915680815,0.01325432937,0.1279429542,0.003395585739,-0.9915110357,0.1290322581,0.1286,0.128,0.9834,0],
        "R1-08": [2,0.014287,-0.008542,0.111973,0.01113378608,-0.9962400679,-0.08303497453,0.9915110357,0.02150537634,-0.1250707414,0.1266,-0.081,0.9888,0],
        "R1-09": [11,0.014163,-0.033122,0.107904,-0.9887049236,-0.01634770798,0.1486628183,-0.02546689304,-0.960950764,-0.2750424448,0.1474,-0.2756,0.95,0],
        "R1-10": [10,0.014139,-0.059243,0.096629,-0.02750401811,-0.8591989813,-0.5099719298,0.9932088285,0.03169213356,-0.1069609508,0.1084,-0.51,0.8534,0],
        "R1-11": [43,0.014851,-0.08049,0.080529,-0.9981838144,-0.02631794001,0.05029530277,-0.01754385965,-0.6994906621,-0.714204867,0.054,-0.7138,0.6982,0],
        "R1-12": [42,0.014666,-0.098572,0.056572,-0.007062818336,-0.463486927,-0.8858874929,0.9960384833,0.07243916242,-0.04584040747,0.0854,-0.8832,0.4614,0],
        "R1-13": [41,0.014336,-0.106738,0.031964,-0.9950213922,-0.1009222411,0.01755155631,0.002263723826,-0.1929824561,-0.9813242784,0.1024,-0.9762,0.192,0],
        "R1-14": [40,0.01445,-0.10861,0.002955,-0.0007074136955,0.004949066214,-0.9999207697,0.9898132428,0.1414827391,0,0.1414,-0.99,-0.005,0],
        "R1-15": [39,0.014439,-0.108592,-0.024,-0.9886401811,-0.1453177136,0,0,0,-0.999434069,0.1454,-0.9892,0,0],
        "R1-16": [38,0.014439,-0.108592,-0.055001,0,0,-0.9996287493,0.9892473118,0.1448783248,0,0.1454,-0.9892,0,0],
        "R1-17": [37,0.014439,-0.108592,-0.086,-0.9886401811,-0.1453177136,0,0,0,-0.999434069,0.1454,-0.9892,0,0],
        "R2-01": [30,0.04108,0.12187,0.006536,-0.01067028862,0.1806224109,-0.983359253,-0.8981324278,0.4306734578,0.08885116016,0.4398,0.884,0.1576,0],
        "R2-02": [31,0.041851,0.112682,0.032902,0.8811010753,-0.4410640634,-0.1673567629,0.03338992643,0.4119977363,-0.9100169779,0.4708,0.797,0.3782,0],
        "R2-03": [15,0.042991,0.097428,0.055858,0.006923259762,0.6143087719,-0.7885704584,-0.8534238823,0.4142614601,0.3152235427,0.5204,0.6714,0.5276,0],
        "R2-04": [14,0.042491,0.077638,0.075602,0.8410075835,-0.3358578381,-0.4234143746,-0.0005659309564,0.7826825127,-0.6219581211,0.5406,0.5234,0.6586,0],
        "R2-05": [13,0.042898,0.055507,0.089418,-0.02347821166,0.901666893,-0.4314468591,-0.8455008489,0.2122241087,0.4895302773,0.5334,0.3764,0.7576,0],
        "R2-06": [12,0.043903,0.028308,0.099587,0.8542281834,-0.09957351443,-0.5086611205,-0.0220713073,0.9728353141,-0.2275042445,0.5182,0.2056,0.83,0],
        "R2-07": [61,0.046285,0.000896,0.103322,-0.01312495756,0.9990436899,-0.03283554046,-0.8653084324,0.005093378608,0.5008488964,0.5006,0.035,0.8648,0],
        "R2-08": [62,0.045827,-0.029394,0.099479,0.8682845501,0.1605202037,-0.4689989813,0.003395585739,0.9439728353,0.3293718166,0.4958,-0.2878,0.8194,0],
        "R2-09": [63,0.045611,-0.057502,0.086492,0.002898471986,0.8734908885,0.4862211658,-0.8641765705,-0.2422184493,0.4402942841,0.5032,-0.4216,0.7544,0],
        "R2-10": [47,0.047092,-0.079424,0.067258,0.8318982456,0.448516129,-0.3264090549,-0.03621958121,0.6310130164,0.7747594793,0.5536,-0.6328,0.5414,0],
        "R2-11": [46,0.046747,-0.093705,0.039835,-0.03798845501,0.2515255235,0.9666318053,-0.8477645727,-0.519524618,0.1018675722,0.5284,-0.8164,0.2332,0],
        "R2-12": [45,0.040015,-0.096592,0.008717,0.8644033956,-0.973303339,3.587064743,-4.151669496,-0.001697792869,1,-0.965,-0.8644,-0.002,0],
        "R2-13": [44,0.047325,-0.096534,-0.022283,0.001104357668,-0.001901188455,0.999462592,-0.8641765705,-0.5019807583,0,0.5026,-0.8646,-0.0022,0],
        "R2-14": [35,0.046864,-0.096724,-0.054283,0.8646037351,0.502601245,0.0003640067912,0.0005659309564,-0.001697792869,1,0.5026,-0.8646,-0.0022,0],
        "R2-15": [36,0.047268,-0.096412,-0.086283,0.001105602716,-0.001901188455,0.9997470289,-0.8641765705,-0.5025466893,0,0.5026,-0.8646,-0.0022,0],
        "R3-01": [79,0.045,0.105077,0.005047,-0.7112122241,-1.11418438,-8.124248557,-10.6910017,-0.2444821732,0.9694397284,-3.0748,0.6896,0.1746,1],
        "R3-02": [78,0.063085,0.094101,0.032564,-0.04412733447,-0.4856999434,0.8729372949,0.7034521788,-0.6355404641,-0.3180531975,0.7092,0.6002,0.3698,1],
        "R3-03": [77,0.063095,0.077974,0.052611,-0.6972313526,0.4928405207,0.5194990379,0.001131861913,-0.7243916242,0.688737974,0.7164,0.4814,0.5048,1],
        "R3-04": [76,0.064018,0.054486,0.069876,-0.002961290323,-0.8509677419,0.5247182796,0.7164685908,-0.3678551217,-0.5925297114,0.6976,0.3742,0.6108,1],
        "R3-05": [75,0.064677,0.031308,0.080822,-0.7276208263,0.2212642898,0.6487537068,0.02263723826,-0.9377475948,0.3452178834,0.6854,0.266,0.678,1],
        "R3-06": [74,0.067435,0.001969,0.086743,-0.01431511036,-0.9990278438,0.04226383701,0.7385398981,-0.03904923599,-0.6728919072,0.6738,0.0216,0.7388,1],
        "R3-07": [94,0.067632,-0.023025,0.083311,-0.6973628749,-0.1819462366,0.6927890209,-0.03169213356,-0.9581211092,-0.2835314092,0.7158,-0.2198,0.6628,0],
        "R3-08": [95,0.066401,-0.050102,0.070655,-0.03640531975,-0.8046253537,-0.5930574986,0.7209960385,0.389926429,-0.5732880589,0.6922,-0.4482,0.5656,0],
        "R3-09": [123,0.0664,-0.067578,0.050744,-0.6953899264,-0.5887712507,0.4116807018,-0.003961516695,-0.5698924731,-0.8217317487,0.7184,-0.573,0.394,0],
        "R3-10": [124,0.067332,-0.079464,0.019645,-0.01155053763,-0.2004331636,-0.979862026,0.7317487267,0.6661007357,-0.1448783248,0.6814,-0.7188,0.139,0],
        "R3-11": [125,0.069525,-0.081323,-0.01817,-0.734195133,-0.678013356,0.003902886248,-0.001131861913,-0.004527447651,-0.999434069,0.6784,-0.7346,0.0024,0],
        "R3-12": [126,0.069565,-0.081412,-0.05406,-0.0128090549,0.008862026033,-1.00009734,0.7345783814,0.6785512168,-0.003395585739,0.6784,-0.7348,-0.0152,0],
        "R3-13": [127,0.068819,-0.081503,-0.083054,-0.7343132994,-0.6780140351,0.003804640634,-0.013016412,0.008488964346,-0.999434069,0.6782,-0.7346,-0.0152,0],
        "R4-01": [88,0.080135,0.080654,-0.00209,-0.07626123373,0.2888401811,-0.9538099604,-0.4493491794,0.843803056,0.2914544426,0.8902,0.451,0.0654,0],
        "R4-02": [91,0.081511,0.068032,0.024405,0.4106072439,-0.705880249,-0.576765931,-0.04018109791,0.6179966044,-0.7849462366,0.9108,0.3458,0.2252,0],
        "R4-03": [92,0.083331,0.049816,0.041656,-0.02339219015,0.7958234295,-0.6042986984,-0.4148273911,0.5421618563,0.7300509338,0.9094,0.2682,0.318,0],
        "R4-04": [93,0.084535,0.025639,0.054557,0.4025791737,-0.3159688738,-0.858626146,-0.009620826259,0.9366157329,-0.3491794001,0.9152,0.1492,0.3742,0],
        "R4-05": [122,0.08412,0.00049,0.059143,-0.01978902094,0.99941279,0.01823248444,-0.4233163554,-0.02490096208,0.9054895303,0.9056,0.0102,0.4238,0],
        "R4-06": [106,0.084549,-0.028917,0.049,0.405672326,0.5141748727,-0.7555415959,-0.06281833616,0.8404074703,0.5382003396,0.9118,-0.171,0.3732,0],
        "R4-07": [107,0.086232,-0.046038,0.028535,-0.1330158461,0.4677789474,0.8740203735,-0.4006791171,-0.8319185059,0.3842671194,0.9066,-0.299,0.298,0],
        "R4-08": [108,0.087407,-0.053424,0.002525,0.3895402377,0.9202251273,-0.04277611771,-0.1092246746,0.0922467459,0.9898132428,0.9146,-0.3808,0.1368,0],
        "R4-09": [109,0.088094,-0.053298,-0.024257,0,0,1.000077985,-0.402942841,-0.9151103565,0,0.9154,-0.403,0,0],
        "R4-10": [110,0.088468,-0.052729,-0.054613,0.3914,0.9204,0,0,0,1,0.9204,-0.3914,0,0],
        "R4-11": [111,0.088468,-0.052729,-0.083613,0,0,0.99949485,-0.3910582909,-0.9196378042,0,0.9204,-0.3914,0,0],
        "R5-01": [27,0.0894,0.054103,-0.042459,-0.3048,0.9524,0,0,0,1,0.9524,0.3048,0,0],
        "R5-02": [89,0.089343,0.054281,-0.012143,-0.05278370119,0.1649317487,-0.9845335597,-0.2999434069,0.9377475948,0.1731748727,0.9524,0.3048,0,0],
        "R5-03": [90,0.092502,0.040849,0.014538,0.2639449915,-0.659086927,-0.704144086,-0.1284663271,0.6994906621,-0.7028862479,0.956,0.2758,0.1002,0],
        "R5-04": [72,0.092934,0.014872,0.02955,-0.04712280702,0.9700408602,-0.2388410866,-0.2795698925,0.2167515563,0.935483871,0.959,0.1108,0.2608,0],
        "R5-05": [73,0.093985,-0.013532,0.025565,0.2626825127,0.6151646859,-0.7434091681,-0.05546123373,0.778720996,0.6247877759,0.9634,-0.1228,0.2388,0],
        "R5-06": [117,0.095324,-0.027659,-0.000343,0.04020633843,-0.01188432371,-0.9988835314,0.2048670062,0.9784946237,-0.003395585739,0.978,-0.2046,0.0418,0],
        "R5-07": [116,0.100079,-0.028894,-0.0295,-0.1908,-0.9816,0,0,0,-1,0.9816,-0.1908,0,0],
        "R5-08": [115,0.10087,-0.028848,-0.056629,0,0,-1.000212564,0.1907187323,0.9818902094,0,0.9816,-0.1908,0,0],
        "R5-09": [114,0.100079,-0.028894,-0.087,-0.1908,-0.9816,0,0,0,-1,0.9816,-0.1908,0,0],
        "R6-01": [28,0.099845,0.02829,-0.084501,0,0,0,0,0,0,0.9886,0.15,0,0],
        "R6-02": [26,0.099845,0.02829,-0.054501,0,0,-0.9999061686,-0.1499717035,0.9886813809,0,0.9886,0.15,0,0],
        "R6-03": [119,0.099845,0.02829,-0.026501,0.15,-0.9886,0,0,0,-1,0.9886,0.15,0,0],
        "R6-04": [118,0.099104,0.015514,0.001026,-0.0006035087719,0.03508070175,0.9989701188,0.01754385965,-0.9988681381,0.0350877193,0.9998,0.0172,0,0],
        "R6-05": [120,0.108344,0.001627,-0.0296,0,0,0.999522807,0.01697792869,-0.999434069,0,0.9998,0.017,0,0],
        "R6-06": [25,0.108344,0.001627,-0.0574,-0.017,0.9998,0,0,0,1,0.9998,0.017,0,0],
        "R6-07": [29,0.108344,0.001627,-0.088,0,0,0.999522807,0.01697792869,-0.999434069,0,0.9998,0.017,0,0],
        "L1-01": [145,-0.013768,0.130534,0.004767,-0.01867572156,0.1233729485,-0.9915110357,-0.9918616865,-0.1229022071,0.003389700057,-0.1216,0.9848,0.125,0],
        "L1-02": [105,-0.013939,0.123063,0.033397,0.9892473118,0.1392190153,0.03565365025,-0.01929711375,0.3744477646,-0.9267110357,-0.142,0.9168,0.3734,0],
        "L1-03": [104,-0.013984,0.110811,0.056216,-0.01018675722,0.5727221279,-0.8194680249,-0.9862573854,-0.1404943973,-0.08593073005,-0.1644,0.8074,0.5668,0],
        "L1-04": [103,-0.013428,0.091852,0.078529,0.9835880023,0.1284663271,0.1267685342,-0.00661663837,0.7275368421,-0.6859426146,-0.1806,0.6738,0.7164,0],
        "L1-05": [102,-0.013389,0.071787,0.094198,0.004527447651,0.8545557442,-0.518958687,-0.9826728919,-0.0917909451,-0.1597226938,-0.1842,0.511,0.8396,0],
        "L1-06": [101,-0.013465,0.044718,0.106574,0.9841539332,0.05036785512,0.1675155631,0.001193435201,0.9551737408,-0.2942089417,-0.1748,0.29,0.9408,0],
        "L1-07": [100,-0.013593,0.020228,0.111475,0.003395585739,0.9915110357,-0.1290322581,-0.9915680815,-0.01325432937,-0.1279429542,-0.1286,0.128,0.9834,0],
        "L1-08": [99,-0.014287,-0.008542,0.111973,0.9915110357,-0.02150537634,0.1250707414,0.01113378608,0.9962400679,0.08303497453,-0.1266,-0.081,0.9888,0],
        "L1-09": [143,-0.014163,-0.033122,0.107904,-0.02546689304,0.960950764,0.2750424448,-0.9887049236,0.01634770798,-0.1486628183,-0.1474,-0.2756,0.95,0],
        "L1-10": [142,-0.014139,-0.059243,0.096629,0.9932088285,-0.03169213356,0.1069609508,-0.02750401811,0.8591989813,0.5099719298,-0.1084,-0.51,0.8534,0],
        "L1-11": [141,-0.014851,-0.08049,0.080529,-0.01754385965,0.6994906621,0.714204867,-0.9981838144,0.02631794001,-0.05029530277,-0.054,-0.7138,0.6982,0],
        "L1-12": [140,-0.014666,-0.098572,0.056572,0.9960384833,-0.07243916242,0.04584040747,-0.007062818336,0.463486927,0.8858874929,-0.0854,-0.8832,0.4614,0],
        "L1-13": [139,-0.014336,-0.106738,0.031964,0.002263723826,0.1929824561,0.9813242784,-0.9950213922,0.1009222411,-0.01755155631,-0.1024,-0.9762,0.192,0],
        "L1-14": [138,-0.01445,-0.10861,0.002955,0.9898132428,-0.1414827391,0,-0.0007074136955,-0.004949066214,0.9999207697,-0.1414,-0.99,-0.005,0],
        "L1-15": [137,-0.014439,-0.108592,-0.024,0,0,0.999434069,-0.9886401811,0.1453177136,0,-0.1454,-0.9892,0,0],
        "L1-16": [136,-0.014439,-0.108592,-0.055001,0.9892473118,-0.1448783248,0,0,0,0.9996287493,-0.1454,-0.9892,0,0],
        "L1-17": [135,-0.014439,-0.108592,-0.086,0,0,0.999434069,-0.9886401811,0.1453177136,0,-0.1454,-0.9892,0,0],
        "L2-01": [82,-0.04108,0.12187,0.006536,-0.8981324278,-0.4306734578,-0.08885116016,-0.01067028862,-0.1806224109,0.983359253,-0.4398,0.884,0.1576,0],
        "L2-02": [81,-0.041851,0.112682,0.032902,0.03338992643,-0.4119977363,0.9100169779,0.8811010753,0.4410640634,0.1673567629,-0.4708,0.797,0.3782,0],
        "L2-03": [80,-0.042991,0.097428,0.055858,-0.8534238823,-0.4142614601,-0.3152235427,0.006923259762,-0.6143087719,0.7885704584,-0.5204,0.6714,0.5276,0],
        "L2-04": [96,-0.042491,0.077638,0.075602,-0.0005659309564,-0.7826825127,0.6219581211,0.8410075835,0.3358578381,0.4234143746,-0.5406,0.5234,0.6586,0],
        "L2-05": [97,-0.042898,0.055507,0.089418,-0.8455008489,-0.2122241087,-0.4895302773,-0.02347821166,-0.901666893,0.4314468591,-0.5334,0.3764,0.7576,0],
        "L2-06": [98,-0.043903,0.028308,0.099587,-0.0220713073,-0.9728353141,0.2275042445,0.8542281834,0.09957351443,0.5086611205,-0.5182,0.2056,0.83,0],
        "L2-07": [113,-0.046285,0.000896,0.103322,-0.8653084324,-0.005093378608,-0.5008488964,-0.01312495756,-0.9990436899,0.03283554046,-0.5006,0.035,0.8648,0],
        "L2-08": [112,-0.045827,-0.029394,0.099479,0.003395585739,-0.9439728353,-0.3293718166,0.8682845501,-0.1605202037,0.4689989813,-0.4958,-0.2878,0.8194,0],
        "L2-09": [128,-0.045611,-0.057502,0.086492,-0.8641765705,0.2422184493,-0.4402942841,0.002898471986,-0.8734908885,-0.4862211658,-0.5032,-0.4216,0.7544,0],
        "L2-10": [129,-0.047092,-0.079424,0.067258,-0.03621958121,-0.6310130164,-0.7747594793,0.8318982456,-0.448516129,0.3264090549,-0.5536,-0.6328,0.5414,0],
        "L2-11": [130,-0.046747,-0.093705,0.039835,-0.8477645727,0.519524618,-0.1018675722,-0.03798845501,-0.2515255235,-0.9666318053,-0.5284,-0.8164,0.2332,0],
        "L2-12": [131,-0.040015,-0.096592,0.008717,-4.151669496,0.001697792869,-1,0.8644033956,0.973303339,-3.587064743,0.965,-0.8644,-0.002,0],
        "L2-13": [132,-0.047325,-0.096534,-0.022283,-0.8641765705,0.5019807583,0,0.001104357668,0.001901188455,-0.999462592,-0.5026,-0.8646,-0.0022,0],
        "L2-14": [133,-0.046864,-0.096724,-0.054283,0.0005659309564,0.001697792869,-1,0.8646037351,-0.502601245,-0.0003640067912,-0.5026,-0.8646,-0.0022,0],
        "L2-15": [134,-0.047268,-0.096412,-0.086283,-0.8641765705,0.5025466893,0,0.001105602716,0.001901188455,-0.9997470289,-0.5026,-0.8646,-0.0022,0],
        "L3-01": [34,-0.045,0.105077,0.005047,-10.6910017,0.2444821732,-0.9694397284,-0.7112122241,1.11418438,8.124248557,3.0748,0.6896,0.1746,1],
        "L3-02": [33,-0.063085,0.094101,0.032564,0.7034521788,0.6355404641,0.3180531975,-0.04412733447,0.4856999434,-0.8729372949,-0.7092,0.6002,0.3698,1],
        "L3-03": [32,-0.063095,0.077974,0.052611,0.001131861913,0.7243916242,-0.688737974,-0.6972313526,-0.4928405207,-0.5194990379,-0.7164,0.4814,0.5048,1],
        "L3-04": [0,-0.064018,0.054486,0.069876,0.7164685908,0.3678551217,0.5925297114,-0.002961290323,0.8509677419,-0.5247182796,-0.6976,0.3742,0.6108,1],
        "L3-05": [1,-0.064677,0.031308,0.080822,0.02263723826,0.9377475948,-0.3452178834,-0.7276208263,-0.2212642898,-0.6487537068,-0.6854,0.266,0.678,1],
        "L3-06": [16,-0.067435,0.001969,0.086743,0.7385398981,0.03904923599,0.6728919072,-0.01431511036,0.9990278438,-0.04226383701,-0.6738,0.0216,0.7388,1],
        "L3-07": [144,-0.067632,-0.023025,0.083311,-0.03169213356,0.9581211092,0.2835314092,-0.6973628749,0.1819462366,-0.6927890209,-0.7158,-0.2198,0.6628,0],
        "L3-08": [71,-0.066401,-0.050102,0.070655,0.7209960385,-0.389926429,0.5732880589,-0.03640531975,0.8046253537,0.5930574986,-0.6922,-0.4482,0.5656,0],
        "L3-09": [70,-0.0664,-0.067578,0.050744,-0.003961516695,0.5698924731,0.8217317487,-0.6953899264,0.5887712507,-0.4116807018,-0.7184,-0.573,0.394,0],
        "L3-10": [69,-0.067332,-0.079464,0.019645,0.7317487267,-0.6661007357,0.1448783248,-0.01155053763,0.2004331636,0.979862026,-0.6814,-0.7188,0.139,0],
        "L3-11": [68,-0.069525,-0.081323,-0.01817,-0.001131861913,0.004527447651,0.999434069,-0.734195133,0.678013356,-0.003902886248,-0.6784,-0.7346,0.0024,0],
        "L3-12": [67,-0.069565,-0.081412,-0.05406,0.7345783814,-0.6785512168,0.003395585739,-0.0128090549,-0.008862026033,1.00009734,-0.6784,-0.7348,-0.0152,0],
        "L3-13": [66,-0.068819,-0.081503,-0.083054,-0.013016412,-0.008488964346,0.999434069,-0.7343132994,0.6780140351,-0.003804640634,-0.6782,-0.7346,-0.0152,0],
        "L4-01": [24,-0.080135,0.080654,-0.00209,-0.4493491794,-0.843803056,-0.2914544426,-0.07626123373,-0.2888401811,0.9538099604,-0.8902,0.451,0.0654,0],
        "L4-02": [21,-0.081511,0.068032,0.024405,-0.04018109791,-0.6179966044,0.7849462366,0.4106072439,0.705880249,0.576765931,-0.9108,0.3458,0.2252,0],
        "L4-03": [20,-0.083331,0.049816,0.041656,-0.4148273911,-0.5421618563,-0.7300509338,-0.02339219015,-0.7958234295,0.6042986984,-0.9094,0.2682,0.318,0],
        "L4-04": [19,-0.084535,0.025639,0.054557,-0.009620826259,-0.9366157329,0.3491794001,0.4025791737,0.3159688738,0.858626146,-0.9152,0.1492,0.3742,0],
        "L4-05": [52,-0.08412,0.00049,0.059143,-0.4233163554,0.02490096208,-0.9054895303,-0.01978902094,-0.99941279,-0.01823248444,-0.9056,0.0102,0.4238,0],
        "L4-06": [51,-0.084549,-0.028917,0.049,-0.06281833616,-0.8404074703,-0.5382003396,0.405672326,-0.5141748727,0.7555415959,-0.9118,-0.171,0.3732,0],
        "L4-07": [50,-0.086232,-0.046038,0.028535,-0.4006791171,0.8319185059,-0.3842671194,-0.1330158461,-0.4677789474,-0.8740203735,-0.9066,-0.299,0.298,0],
        "L4-08": [49,-0.087407,-0.053424,0.002525,-0.1092246746,-0.0922467459,-0.9898132428,0.3895402377,-0.9202251273,0.04277611771,-0.9146,-0.3808,0.1368,0],
        "L4-09": [48,-0.088094,-0.053298,-0.024257,-0.402942841,0.9151103565,0,0,0,-1.000077985,-0.9154,-0.403,0,0],
        "L4-10": [64,-0.088468,-0.052729,-0.054613,0,0,-1,0.3914,-0.9204,0,-0.9204,-0.3914,0,0],
        "L4-11": [65,-0.088468,-0.052729,-0.083613,-0.3910582909,0.9196378042,0,0,0,-0.99949485,-0.9204,-0.3914,0,0],
        "L5-01": [85,-0.0894,0.054103,-0.042459,0,0,-1,-0.3048,-0.9524,0,-0.9524,0.3048,0,0],
        "L5-02": [23,-0.089343,0.054281,-0.012143,-0.2999434069,-0.9377475948,-0.1731748727,-0.05278370119,-0.1649317487,0.9845335597,-0.9524,0.3048,0,0],
        "L5-03": [22,-0.092502,0.040849,0.014538,-0.1284663271,-0.6994906621,0.7028862479,0.2639449915,0.659086927,0.704144086,-0.956,0.2758,0.1002,0],
        "L5-04": [18,-0.092934,0.014872,0.02955,-0.2795698925,-0.2167515563,-0.935483871,-0.04712280702,-0.9700408602,0.2388410866,-0.959,0.1108,0.2608,0],
        "L5-05": [17,-0.093985,-0.013532,0.025565,-0.05546123373,-0.778720996,-0.6247877759,0.2626825127,-0.6151646859,0.7434091681,-0.9634,-0.1228,0.2388,0],
        "L5-06": [57,-0.095324,-0.027659,-0.000343,0.2048670062,-0.9784946237,0.003395585739,0.04020633843,0.01188432371,0.9988835314,-0.978,-0.2046,0.0418,0],
        "L5-07": [58,-0.100079,-0.028894,-0.0295,0,0,1,-0.1908,0.9816,0,-0.9816,-0.1908,0,0],
        "L5-08": [59,-0.10087,-0.028848,-0.056629,0.1907187323,-0.9818902094,0,0,0,1.000212564,-0.9816,-0.1908,0,0],
        "L5-09": [60,-0.100079,-0.028894,-0.087,0,0,1,-0.1908,0.9816,0,-0.9816,-0.1908,0,0],
        "L6-01": [84,-0.099845,0.02829,-0.084501,0,0,0,0,0,0,-0.9886,0.15,0,0],
        "L6-02": [86,-0.099845,0.02829,-0.054501,-0.1499717035,-0.9886813809,0,0,0,0.9999061686,-0.9886,0.15,0,0],
        "L6-03": [55,-0.099845,0.02829,-0.026501,0,0,1,0.15,0.9886,0,-0.9886,0.15,0,0],
        "L6-04": [56,-0.099104,0.015514,0.001026,0.01754385965,0.9988681381,-0.0350877193,-0.0006035087719,-0.03508070175,-0.9989701188,-0.9998,0.0172,0,0],
        "L6-05": [54,-0.108344,0.001627,-0.0296,0.01697792869,0.999434069,0,0,0,-0.999522807,-0.9998,0.017,0,0],
        "L6-06": [87,-0.108344,0.001627,-0.0574,0,0,-1,-0.017,-0.9998,0,-0.9998,0.017,0,0],
        "L6-07": [83,-0.108344,0.001627,-0.088,0.01697792869,0.999434069,0,0,0,-0.999522807,-0.9998,0.017,0,0]
    }
}
